131970
319660
005290
240810
058470
036540
092070
403870
043150
099430
100120
206640
166090
272110
104830
064760
011790
370090
424960
094360
054450
396270
394280
084730
080220
094170
399720
200710
253590
348210
252990
357780
036830
222800
172670
092870
170920
241790
074600
086390
084370
281820
095610
356860
114810
272290
317330
251370
178920
278280
336370
005430
274090
067390
221840
005870
189300
099320
211270
086960
001820
052710
149950
009150
042660
100130
034020
010140
004440
003030
075580
013810
297090
112610
100090
018000
009540
126700
091700
053450
097520
033240
076610
015230
241560
210540
036890
267270
041440
010240
042670
097950
005300
000080
003230
004370
241590
111110
111770
033290
105630
081660
035150
093050
020000
031430
013890
115390
306040
222040
008490
194700
200130
214370
036420
034120
046390
068050
035760
253450
092200
009900
122350
089980
065350
005850
123040
215360
344820
138490
025540
170030
126600
089470
064960
096770
010950
078930
121600
078600
088390
418550
456040
005490
105740
023160
014620
033500
013030
017960
086670
079370
039030
036930
053610
098460
432720
445090
131290
425420
060250
035600
032350
034230
114090
007810
033170
051370
085670
007660
353200
290670
263600
025900
006400
091580
243840
222080
086520
247540
066970
217820
302430
020150
220260
003670
137400
299030
373220
051910
002710
178320
050890
088800
230240
138080
073490
032500
218410
011930
009830
003490
020560
089590
272450
091810
340930
010130
377330
005420
365340
107600
265560
002350
161390
073240
004710
322000
298050
004020
005380
012330
086280
018880
090080
120110
126880
271940
081000
011320
288620
028260
126340
382900
011170
336260
041930
053270
000430
046070
200880
033530
013310
122640
262260
092220
079430
004590
011090
009240
066130
051630
002380
008250
108670
002820
171120
066620
020710
005750
037440
309930
025750
037070
014830
007210
000180
014280
018310
013580
000720
006360
005960
047040
009410
035890
002990
010780
294870
028050
375500
198440
006920
038500
004980
183190
000910
300720
006390
030000
214320
089600
230360
216050
112040
078340
299900
289220
094480
182360
018260
181710
079940
093320
033320
032850
023590
012510
030520
053800
170790
041020
064800
184230
136540
067900
285130
009450
183300
282880
003850
031980
054950
069080
082920
092730
119610
145020
217190
236200
243070
251970
263720
340570
000100
002790
003550
004490
005810
005930
007310
008770
010690
011200
014820
017940
037270
035420
248070
286940
090430
071050
071970
207940
237690
051360
046440
063570
052690
307950
099190
025980
079160
357230
211050
056190
168360
206650
225570
361610
393890
094970
329180
010620
112290
161580
078150
420770
204270
149980
006060
078350
033640
077360
024850
036810
064290
003160
160980
006260
000500
001440
017810
001680
049770
248170
278470
229640
060370
003960
103840
011780
068270
053030
007460
334970
320000
042000
044490
439090
003350
000370
000400
000540
000810
001450
005830
000660
035720
000270
105560
055550
032830
086790
138040
066570
259960
033780
015760
017670
316140
024110
047050
034730
030200
323410
402340
450080
267250
011070
051900
088980
029780
034220
006800
251270
021240
036460
022100
443060
005940
180640
032640
454910
016360
036570
005070
302440
128940
082740
009420
069620
003620
000240
004000
069960
000120
023530
028670
138930
017800
016380
035250
001740
088350
011210
001430
004990
000210
010060
000670
004170
012750
001040
093370
006280
069260
004800
001120
000150
000880
001800
006650
001570
003090
005250
006110
007070
008730
008930
009970
039130
039490
051600
139130
139480
175330
001630
204320
026960
192080
271560
282330
298020
280360
326030
137310
383220
377300
457190
000250
006730
007390
009520
015750
025320
025770
028300
032190
039200
041190
046890
048410
060280
064550
067160
067630
068240
068760
082270
085660
086450
086900
087010
091120
095500
096530
095660
108860
114190
140410
141080
194480
196170
215000
215200
144510
215600
101360
267980
003380
118990
263750
281740
290650
298380
084850
293490
323990
383310
195940
058970
348370
376300
310210
328130
360070
372170
425040
358570
417200
077970
290550
489790
005160
083650
322510
338220
315640
040910
265520
005010
092790
003540
001720
003530
003470
001510
002020
000070
000320
045970
001230
001940
900140
000640
126560
004690